foo.tb1.a,foo.tb1.b
378,0
285,1
78,2
161,3
227,4
303,5
482,6
387,7
309,8
254,9
177,10
292,11
223,12
291,13
274,14
271,15
58,16
327,17
133,18
322,19
394,20
384,21
224,22
247,23
35,24
135,25
390,26
92,27
276,28
156,29
331,30
209,31
494,32
376,33
242,34
323,35
321,36
82,37
233,38
472,39
109,40
219,41
312,42
313,43
356,44
168,45
358,46
367,47
460,48
272,49
258,50
217,51
104,52
181,53
80,54
215,55
237,56
450,57
441,58
256,59
253,60
270,61
208,62
199,63
363,64
361,65
187,66
125,67
283,68
286,69
339,70
484,71
194,72
427,73
218,74
164,75
232,76
151,77
457,78
68,79
108,80
157,81
134,82
176,83
236,84
320,85
298,86
300,87
169,88
305,89
395,90
123,91
33,92
201,93
370,94
355,95
106,96
212,97
324,98
243,99
249,100
67,101
36,102
222,103
338,104
174,105
248,106
202,107
417,108
374,109
319,110
244,111
179,112
336,113
302,114
214,115
205,116
238,117
103,118
193,119
304,120
317,121
88,122
185,123
225,124
429,125
266,126
231,127
326,128
369,129
252,130
126,131
308,132
406,133
446,134
341,135
315,136
170,137
91,138
148,139
265,140
171,141
165,142
282,143
439,144
182,145
412,146
206,147
93,148
203,149
337,150
388,151
293,152
163,153
245,154
479,155
402,156
473,157
314,158
261,159
119,160
115,161
191,162
475,163
81,164
415,165
357,166
391,167
4,168
196,169
77,170
62,171
188,172
288,173
419,174
241,175
334,176
162,177
74,178
142,179
490,180
158,181
257,182
301,183
251,184
359,185
487,186
204,187
46,188
213,189
342,190
129,191
192,192
489,193
351,194
297,195
340,196
180,197
17,198
184,199
